solid 2 True
6 r 3.25 axis (-11.0, 8.0, -17.0) (0.0, 0.0, 1.0) bnd (-11.0, 4.75, -17.0, -7.75, 8.0, -13.0)
9 r 10.4 axis (0.0, 0.0, -15.5) (0.0, 0.0, -1.0) bnd (-10.4, -7.894, -17.0, -6.771, 4.746, -15.5)
10 r 10.4 axis (0.0, 0.0, -15.5) (0.0, 0.0, -1.0) bnd (-7.366, 7.342, -17.0, -4.02, 9.592, -15.5)
11 r 10.4 axis (0.0, 0.0, -15.5) (0.0, 0.0, -1.0) bnd (4.02, 7.342, -17.0, 7.366, 9.592, -15.5)
12 r 10.4 axis (0.0, 0.0, -15.5) (0.0, 0.0, -1.0) bnd (6.771, -7.894, -17.0, 10.4, 4.746, -15.5)
22 r 1.05 axis (8.0, 11.25, 6.0) (-0.0, 1.0, 0.0) bnd (6.95, 7.25, 4.95, 9.05, 11.05, 7.05)
25 r 1.05 axis (-8.0, 11.25, 6.0) (-0.0, 1.0, 0.0) bnd (-9.05, 7.25, 4.95, -6.95, 11.05, 7.05)
35 r 1.05 axis (-14.25, -28.0, 6.0) (1.0, 0.0, 0.0) bnd (-14.05, -29.05, 4.95, -10.25, -26.95, 7.05)
38 r 1.05 axis (-14.25, -28.0, -6.0) (1.0, 0.0, 0.0) bnd (-14.05, -29.05, -7.05, -10.25, -26.95, -4.95)
41 r 1.05 axis (-14.25, -4.0, 6.0) (1.0, 0.0, 0.0) bnd (-14.05, -5.05, 4.95, -10.25, -2.95, 7.05)
44 r 1.05 axis (-14.25, -4.0, -6.0) (1.0, 0.0, 0.0) bnd (-14.05, -5.05, -7.05, -10.25, -2.95, -4.95)
48 r 3.25 axis (-11.0, 8.0, 17.0) (0.0, 0.0, 1.0) bnd (-11.0, 4.75, 13.0, -7.75, 8.0, 17.0)
54 r 1.05 axis (-11.0, -8.0, 17.0) (0.0, 0.0, 1.0) bnd (-12.05, -9.05, 13.0, -9.95, -6.95, 16.8)
57 r 1.05 axis (11.0, -8.0, 17.0) (0.0, 0.0, 1.0) bnd (9.95, -9.05, 13.0, 12.05, -6.95, 16.8)
60 r 1.0 axis (-5.95, -26.85, 61.322) (0.0, 0.0, -1.0) bnd (-6.95, -26.85, 16.8, -5.95, -25.85, 17.0)
63 r 1.0 axis (5.95, -26.85, 61.322) (0.0, 0.0, -1.0) bnd (5.95, -26.85, 16.8, 6.95, -25.85, 17.0)
65 r 1.0 axis (5.95, -32.75, 61.322) (0.0, 0.0, -1.0) bnd (5.95, -33.75, 16.8, 6.95, -32.75, 17.0)
67 r 1.0 axis (-5.95, -32.75, 61.322) (0.0, 0.0, -1.0) bnd (-6.95, -33.75, 16.8, -5.95, -32.75, 17.0)
100 r 1.05 axis (14.25, -28.0, 6.0) (1.0, 0.0, 0.0) bnd (10.25, -29.05, 4.95, 14.05, -26.95, 7.05)
103 r 1.05 axis (14.25, -28.0, -6.0) (1.0, 0.0, 0.0) bnd (10.25, -29.05, -7.05, 14.05, -26.95, -4.95)
106 r 1.05 axis (14.25, -4.0, 6.0) (1.0, 0.0, 0.0) bnd (10.25, -5.05, 4.95, 14.05, -2.95, 7.05)
109 r 1.05 axis (14.25, -4.0, -6.0) (1.0, 0.0, 0.0) bnd (10.25, -5.05, -7.05, 14.05, -2.95, -4.95)
118 r 1.05 axis (-8.0, -35.25, 6.0) (0.0, -1.0, 0.0) bnd (-9.05, -35.05, 4.95, -6.95, -31.25, 7.05)
121 r 1.05 axis (8.0, -35.25, 6.0) (0.0, -1.0, 0.0) bnd (6.95, -35.05, 4.95, 9.05, -31.25, 7.05)
124 r 1.05 axis (-8.0, -35.25, -6.0) (0.0, -1.0, 0.0) bnd (-9.05, -35.05, -7.05, -6.95, -31.25, -4.95)
127 r 1.05 axis (8.0, -35.25, -6.0) (0.0, -1.0, 0.0) bnd (6.95, -35.05, -7.05, 9.05, -31.25, -4.95)
137 r 3.25 axis (-11.0, -32.0, -17.0) (0.0, 0.0, 1.0) bnd (-11.0, -32.0, -17.0, -7.75, -28.75, -13.0)
140 r 1.25 axis (-11.0, -32.0, -17.0) (0.0, 0.0, -1.0) bnd (-12.25, -33.25, -13.0, -9.75, -30.75, 13.0)
143 r 3.25 axis (-11.0, -32.0, 17.0) (0.0, 0.0, 1.0) bnd (-11.0, -32.0, 13.0, -7.75, -28.75, 17.0)
149 r 1.25 axis (11.0, -32.0, -17.0) (0.0, 0.0, -1.0) bnd (9.75, -33.25, -13.0, 12.25, -30.75, 13.0)
153 r 3.25 axis (11.0, -32.0, 17.0) (0.0, 0.0, 1.0) bnd (7.75, -32.0, 13.0, 11.0, -28.75, 17.0)
167 r 3.25 axis (11.0, 8.0, 17.0) (0.0, 0.0, 1.0) bnd (7.75, 4.75, 13.0, 11.0, 8.0, 17.0)
170 r 10.25 axis (0.0, 0.0, 15.5) (0.0, 0.0, 1.0) bnd (-10.25, -10.25, 15.5, 10.25, 10.25, 19.0)
172 r 1.75 axis (11.75, 0.0, 17.0) (0.0, 0.0, 1.0) bnd (10.0, -1.75, 13.7, 13.5, 1.75, 17.0)
173 r 0.5 axis (10.715, 1.998, -61.322) (0.0, 0.0, 1.0) bnd (10.224, 1.498, 15.5, 10.945, 1.906, 17.0)
174 r 10.4 axis (0.0, 0.0, 19.0) (0.0, 0.0, 1.0) bnd (-7.366, 7.342, 15.5, 7.366, 10.4, 17.0)
175 r 10.4 axis (0.0, 0.0, 19.0) (0.0, 0.0, 1.0) bnd (9.254, 1.906, 15.5, 10.224, 4.746, 17.0)
176 r 10.4 axis (0.0, 0.0, 19.0) (0.0, 0.0, 1.0) bnd (-10.4, -10.4, 15.5, 10.224, 4.746, 17.0)
184 r 0.5 axis (10.715, -1.998, 61.322) (0.0, 0.0, -1.0) bnd (10.224, -1.906, 15.5, 10.945, -1.498, 17.0)
188 r 1.0 axis (-0.0, 8.0, 19.0) (0.0, 0.0, 1.0) bnd (-1.0, 7.0, 15.5, 1.0, 9.0, 18.8)
191 r 1.0 axis (-8.0, -0.0, 19.0) (0.0, 0.0, 1.0) bnd (-9.0, -1.0, 15.5, -7.0, 1.0, 18.8)
194 r 1.0 axis (0.0, -8.0, 19.0) (0.0, 0.0, 1.0) bnd (-1.0, -9.0, 15.5, 1.0, -7.0, 18.8)
197 r 1.0 axis (8.0, 0.0, 19.0) (0.0, 0.0, 1.0) bnd (7.0, -1.0, 15.5, 9.0, 1.0, 18.8)
199 r 0.85 axis (5.657, -5.657, 19.0) (0.0, 0.0, 1.0) bnd (4.807, -6.507, 15.5, 6.507, -4.807, 19.0)
201 r 0.85 axis (5.657, 5.657, 19.0) (0.0, 0.0, 1.0) bnd (4.807, 4.807, 15.5, 6.507, 6.507, 19.0)
203 r 0.85 axis (-5.657, 5.657, 19.0) (0.0, 0.0, 1.0) bnd (-6.507, 4.807, 15.5, -4.807, 6.507, 19.0)
205 r 0.85 axis (-5.657, -5.657, 19.0) (0.0, 0.0, 1.0) bnd (-6.507, -6.507, 15.5, -4.807, -4.807, 19.0)
207 r 4.0 axis (0.0, 0.0, 19.0) (0.0, 0.0, 1.0) bnd (-4.0, -4.0, 19.0, 4.0, 4.0, 20.6)
214 r 1.25 axis (11.0, 8.0, -17.0) (0.0, 0.0, -1.0) bnd (9.75, 6.75, -13.0, 12.25, 9.25, 13.0)
217 r 3.25 axis (11.0, 8.0, -17.0) (0.0, 0.0, 1.0) bnd (7.75, 4.75, -17.0, 11.0, 8.0, -13.0)
235 r 3.25 axis (11.0, -32.0, -17.0) (0.0, 0.0, 1.0) bnd (7.75, -32.0, -17.0, 11.0, -28.75, -13.0)
247 r 1.25 axis (-11.0, 8.0, -17.0) (0.0, 0.0, -1.0) bnd (-12.25, 6.75, -13.0, -9.75, 9.25, 13.0)
272 r 5.1 axis (0.0, 0.0, -15.5) (0.0, 0.0, -1.0) bnd (0.7, -3.129, -15.5, 5.1, 5.052, -14.8)
273 r 5.1 axis (0.0, 0.0, -15.5) (0.0, 0.0, -1.0) bnd (-5.1, -3.129, -15.5, -0.7, 5.052, -14.8)
275 r 1.0 axis (-2.617, -2.686, -12.5) (0.0, 0.0, -1.0) bnd (-3.484, -2.186, -14.8, -1.919, -1.686, -12.5)
276 r 2.75 axis (0.0, 0.0, -12.5) (0.0, 0.0, -1.0) bnd (-1.919, -2.75, -14.8, 1.919, -1.969, -12.5)
277 r 1.0 axis (2.617, -2.686, -12.5) (0.0, 0.0, -1.0) bnd (1.919, -2.186, -14.8, 3.484, -1.686, -12.5)
279 r 1.5 axis (0.0, 0.0, -14.8) (0.0, 0.0, -1.0) bnd (-1.5, -1.5, -14.8, 1.5, 1.5, -10.3)
289 r 10.4 axis (0.0, 0.0, -15.5) (0.0, 0.0, -1.0) bnd (-3.9, 9.641, -17.0, 3.9, 10.4, -15.5)
